# Rate=a*Pres^n
# a=0.06990
# n=0.27489
#
#Column1=pressure...Column2=burnRate
#
432.00000 0.37192
439.00000 0.37308
447.00000 0.37503
455.00000 0.37691
462.00000 0.37791
470.00000 0.37967
478.00000 0.38137
486.00000 0.38300
494.00000 0.38458
503.00000 0.38686
511.00000 0.38831
519.00000 0.38970
528.00000 0.39179
536.00000 0.39307
545.00000 0.39503
554.00000 0.39692
562.00000 0.39805
571.00000 0.39983
580.00000 0.40155
589.00000 0.40321
598.00000 0.40482
607.00000 0.40638
617.00000 0.40854
626.00000 0.40999
635.00000 0.41138
645.00000 0.41337
655.00000 0.41530
664.00000 0.41654
674.00000 0.41836
684.00000 0.42012
694.00000 0.42183
704.00000 0.42348
714.00000 0.42509
724.00000 0.42664
734.00000 0.42815
745.00000 0.43019
755.00000 0.43160
766.00000 0.43353
776.00000 0.43485
787.00000 0.43667
798.00000 0.43845
809.00000 0.44017
820.00000 0.44185
831.00000 0.44348
842.00000 0.44506
853.00000 0.44659
865.00000 0.44860
876.00000 0.45004
888.00000 0.45195
899.00000 0.45330
911.00000 0.45512
923.00000 0.45688
934.00000 0.45811
946.00000 0.45979
958.00000 0.46142
971.00000 0.46348
983.00000 0.46502
995.00000 0.46652
1008.00000 0.46844
1020.00000 0.46985
1033.00000 0.47168
1045.00000 0.47302
1058.00000 0.47476
1071.00000 0.47646
1084.00000 0.47812
1097.00000 0.47973
1110.00000 0.48130
